      0/99     1.93G   0.02218    0.0162 0.0006384   0.03901       108       640    0.8221    0.7203    0.7535    0.4449   0.08731    0.1218    0.0163
      1/99     4.49G   0.02318   0.01618 0.0006522   0.04001       157       640    0.8382    0.7005    0.7372    0.4222   0.08929    0.1173   0.01522
      2/99     4.49G    0.0258   0.01677 0.0008109   0.04338        47       640    0.8235    0.6879    0.7208    0.3997   0.09412     0.109   0.01515
      3/99     4.49G   0.02695   0.01716 0.0009747   0.04508       254       640    0.8188    0.6694    0.7072     0.399   0.09406    0.0994   0.01546
      4/99     4.49G   0.02671   0.01701  0.001055   0.04478       120       640    0.8159    0.6793    0.7075    0.4057   0.09419    0.0963   0.01523
      5/99     4.49G   0.02622    0.0171  0.001025   0.04434       140       640    0.8348    0.6663    0.7118    0.4028   0.09477    0.1004    0.0155
      6/99      4.5G   0.02607   0.01692  0.000997   0.04399       219       640    0.8421    0.6765    0.7252    0.4214   0.09482   0.09756   0.01525
      7/99      4.5G   0.02583   0.01696  0.000998   0.04379        84       640    0.8362    0.6895    0.7311    0.4141    0.0964   0.09548   0.01536
      8/99      4.5G   0.02574   0.01695 0.0009948   0.04368       235       640    0.8268    0.6765    0.7274    0.4109    0.0947   0.09666   0.01472
      9/99      4.5G   0.02568    0.0168 0.0009807   0.04346       161       640    0.8239    0.6919     0.726    0.4165    0.0949   0.09404   0.01526
     10/99      4.5G    0.0255   0.01682 0.0009814   0.04331       141       640    0.8171    0.6839    0.7132    0.4132   0.09378    0.1002   0.01513
     11/99      4.5G   0.02546   0.01687 0.0009803   0.04331       112       640    0.8074    0.6911    0.7227    0.4126   0.09389    0.1001   0.01519
     12/99      4.5G   0.02538   0.01678 0.0009846   0.04315       139       640    0.7974    0.6887    0.7193    0.4112   0.09446   0.09288   0.01505
     13/99      4.5G   0.02541   0.01688 0.0009824   0.04327       242       640    0.8254    0.6994    0.7248    0.4219   0.09323    0.1015   0.01529
     14/99      4.5G   0.02516   0.01674 0.0009597   0.04286       201       640    0.8129    0.7019    0.7294    0.4226   0.09423    0.1025   0.01537
     15/99      4.5G   0.02504   0.01661 0.0009505    0.0426       166       640    0.8094    0.7038    0.7331    0.4297   0.09231    0.1041   0.01516
     16/99      4.5G     0.025   0.01663 0.0009369   0.04257       143       640    0.7952    0.7099    0.7243     0.417   0.09277    0.1012   0.01546
     17/99      4.5G     0.025   0.01684 0.0009357   0.04277       201       640    0.8022    0.7058    0.7251    0.4228   0.09282    0.1015   0.01513
     18/99      4.5G   0.02482   0.01694  0.000945   0.04271       216       640    0.8138    0.6996    0.7281    0.4214   0.09231    0.1011   0.01527
     19/99      4.5G   0.02506   0.01693 0.0009501   0.04294       199       640    0.8117    0.7112    0.7371    0.4295   0.09189    0.1032   0.01529
     20/99      4.5G   0.02489   0.01679  0.000932   0.04261       110       640    0.8317    0.6929    0.7357    0.4297   0.09159    0.1064   0.01505
     21/99      4.5G    0.0248   0.01686  0.000935    0.0426        83       640    0.8013    0.7012    0.7213    0.4237   0.09281    0.1014   0.01498
     22/99      4.5G   0.02464    0.0168 0.0008903   0.04234       136       640    0.8286    0.7018    0.7383    0.4228    0.0924    0.1027   0.01512
     23/99      4.5G    0.0247   0.01679 0.0008883   0.04238        93       640    0.8325    0.7077    0.7461    0.4423   0.09175     0.102   0.01519
     24/99      4.5G   0.02463   0.01668 0.0008835   0.04219        85       640    0.8321    0.6996    0.7364    0.4258   0.09286    0.1027   0.01526
     25/99      4.5G   0.02461   0.01643 0.0008671   0.04191       206       640    0.8332     0.704    0.7394    0.4326   0.09188    0.1042   0.01527
     26/99      4.5G   0.02439   0.01651 0.0008566   0.04176       138       640    0.8317    0.6933    0.7318     0.427   0.09281    0.1041   0.01519
     27/99      4.5G    0.0244   0.01668 0.0008705   0.04195       198       640    0.8137    0.7062    0.7379    0.4292    0.0919    0.1036   0.01529
     28/99      4.5G   0.02447   0.01669 0.0008675   0.04202       104       640    0.8479     0.693     0.737    0.4339   0.09163    0.1055   0.01533
     29/99      4.5G   0.02432   0.01652 0.0008563   0.04169       155       640    0.8222    0.7102    0.7411    0.4335   0.09142    0.1034   0.01537
     30/99      4.5G    0.0243   0.01656 0.0008881   0.04175       117       640    0.8237    0.7086    0.7421    0.4324   0.09111    0.1064   0.01519
     31/99      4.5G   0.02436   0.01679 0.0008792   0.04203       134       640     0.812    0.7174    0.7406     0.434   0.09159    0.1061   0.01535
     32/99      4.5G   0.02424   0.01658 0.0009052   0.04173       164       640    0.8545    0.6955    0.7432    0.4327   0.09116    0.1065   0.01507
     33/99      4.5G   0.02423   0.01662 0.0008516   0.04171       132       640    0.8379    0.7134    0.7436    0.4371   0.09139    0.1045   0.01535
     34/99      4.5G    0.0242   0.01644 0.0008652    0.0415       108       640    0.8393    0.7009    0.7403    0.4287   0.09166    0.1043   0.01538
     35/99      4.5G   0.02415   0.01671 0.0008698   0.04174       160       640    0.8298    0.7063    0.7419    0.4366   0.09103    0.1074   0.01541
     36/99      4.5G   0.02413   0.01639 0.0009075   0.04142       177       640    0.8298    0.7123    0.7469    0.4361   0.09071    0.1073   0.01523
     37/99      4.5G   0.02396    0.0164 0.0008383    0.0412       201       640    0.8169    0.7232    0.7459    0.4412   0.09053    0.1078   0.01538
     38/99      4.5G   0.02395   0.01644 0.0008013   0.04119       235       640    0.8313    0.7115    0.7445    0.4421   0.09038    0.1076   0.01553
     39/99      4.5G   0.02386   0.01656 0.0008471   0.04127       210       640     0.847    0.7134    0.7511    0.4414    0.0906    0.1073   0.01522
     40/99      4.5G   0.02386    0.0166 0.0008226   0.04129       197       640    0.8213    0.7272    0.7521    0.4447   0.09008    0.1105   0.01533
     41/99      4.5G   0.02382   0.01679 0.0008105   0.04142       137       640    0.8264    0.7313    0.7538    0.4473   0.09034    0.1082   0.01562
     42/99      4.5G   0.02368   0.01662 0.0008057   0.04111       149       640    0.8402    0.7118     0.752    0.4457    0.0903    0.1095   0.01542
     43/99      4.5G   0.02375   0.01646  0.000814   0.04102        86       640    0.8382    0.7196    0.7534    0.4435   0.08951    0.1125   0.01553
     44/99      4.5G   0.02362   0.01653  0.000797   0.04094       132       640    0.8554    0.7151    0.7552    0.4476   0.08943    0.1099   0.01557
     45/99      4.5G   0.02357   0.01659 0.0007791   0.04093       120       640    0.8463    0.7146    0.7537     0.446   0.08941    0.1114   0.01536
     46/99      4.5G   0.02365   0.01658 0.0008088   0.04104       150       640    0.8442     0.722    0.7542    0.4471   0.08948    0.1119   0.01527
     47/99      4.5G    0.0235    0.0165 0.0007955    0.0408       189       640     0.838    0.7143    0.7534    0.4487   0.08884    0.1121   0.01544
     48/99      4.5G   0.02344   0.01641 0.0007773   0.04063       182       640    0.8519    0.7163    0.7553    0.4469   0.08911    0.1119   0.01568
     49/99      4.5G   0.02344   0.01644 0.0008149   0.04069       148       640    0.8394    0.7298    0.7597    0.4501   0.08971    0.1112   0.01566
     50/99      4.5G   0.02343    0.0164 0.0007767   0.04061       203       640     0.829    0.7334     0.759    0.4488   0.08863    0.1133   0.01555
     51/99      4.5G   0.02322   0.01655 0.0007466   0.04052       254       640    0.8444    0.7212    0.7573     0.445    0.0889    0.1121   0.01565
     52/99      4.5G   0.02323   0.01606 0.0007708   0.04006       140       640    0.8543    0.7127     0.756    0.4497   0.08883    0.1132   0.01555
     53/99      4.5G   0.02316   0.01645 0.0007747   0.04038       168       640    0.8465    0.7121    0.7553    0.4485   0.08893    0.1128   0.01547
     54/99      4.5G   0.02309   0.01623 0.0007565   0.04008       128       640     0.853    0.7133    0.7581    0.4502   0.08868    0.1144   0.01546
     55/99      4.5G   0.02306   0.01639 0.0007313   0.04019       190       640     0.836    0.7228     0.759     0.451   0.08898    0.1141   0.01558
     56/99      4.5G   0.02308   0.01642 0.0007281   0.04023       117       640    0.8341    0.7277    0.7609      0.45   0.08881    0.1142   0.01557
     57/99      4.5G   0.02298   0.01632   0.00073   0.04003       139       640    0.8265    0.7274    0.7611    0.4516   0.08854    0.1145   0.01566
     58/99      4.5G   0.02296   0.01629  0.000721   0.03997       156       640     0.834     0.732     0.761    0.4542   0.08809    0.1161   0.01574
     59/99      4.5G   0.02298   0.01627 0.0007279   0.03998        90       640    0.8425    0.7226    0.7568    0.4518   0.08771    0.1174   0.01586
     60/99      4.5G   0.02301   0.01643  0.000726   0.04016       154       640    0.8478    0.7212    0.7596    0.4523   0.08798    0.1167    0.0158
     61/99      4.5G   0.02286   0.01629 0.0007427   0.03989       249       640    0.8327    0.7269     0.756     0.451   0.08804     0.117   0.01573
     62/99      4.5G   0.02269   0.01615 0.0006998   0.03955        74       640     0.846    0.7258    0.7571    0.4498   0.08785    0.1175   0.01583
     63/99      4.5G   0.02289   0.01634 0.0007335   0.03997        83       640    0.8428    0.7273    0.7576    0.4513   0.08747    0.1191   0.01577
     64/99      4.5G   0.02267   0.01615 0.0006756    0.0395       174       640    0.8417     0.729    0.7588     0.452   0.08718    0.1187   0.01582
     65/99      4.5G   0.02275   0.01619 0.0006852   0.03963       241       640    0.8439    0.7286    0.7591    0.4532   0.08712     0.119   0.01586
     66/99      4.5G   0.02257   0.01612  0.000682   0.03936       138       640     0.842    0.7279    0.7629     0.454   0.08747    0.1186   0.01589
     67/99      4.5G   0.02279    0.0161 0.0006929   0.03959       192       640    0.8338    0.7332    0.7629    0.4546   0.08764    0.1187   0.01597
     68/99      4.5G   0.02254   0.01635 0.0006928   0.03959       211       640    0.8484    0.7228    0.7626    0.4543   0.08751    0.1196   0.01597
     69/99      4.5G   0.02262   0.01637 0.0007038   0.03969       167       640    0.8258    0.7424    0.7632    0.4542   0.08722    0.1206   0.01591
     70/99      4.5G   0.02254   0.01621  0.000671   0.03942       193       640    0.8569    0.7186    0.7627     0.454   0.08683    0.1213   0.01601
     71/99      4.5G   0.02249   0.01627 0.0006666   0.03942       160       640    0.8395    0.7287    0.7619    0.4526   0.08687    0.1217   0.01608
     72/99      4.5G   0.02239   0.01621 0.0006689   0.03927       250       640    0.8369     0.732    0.7626    0.4548   0.08675     0.122   0.01598
     73/99      4.5G   0.02231   0.01608 0.0006667   0.03906       115       640    0.8594    0.7168    0.7634    0.4555   0.08667    0.1225   0.01594
     74/99      4.5G   0.02222   0.01616 0.0006573   0.03904       212       640     0.851    0.7257    0.7654    0.4558   0.08666    0.1227   0.01596
     75/99      4.5G   0.02232   0.01611 0.0006428   0.03907       135       640    0.8503     0.727    0.7654    0.4563   0.08674    0.1228   0.01599
     76/99      4.5G   0.02224   0.01604 0.0006333   0.03892       133       640    0.8412    0.7327    0.7638    0.4557   0.08667    0.1235   0.01605
     77/99      4.5G   0.02227   0.01609 0.0006491     0.039        90       640    0.8534    0.7233    0.7632    0.4556   0.08658    0.1239   0.01609
     78/99      4.5G   0.02214   0.01611 0.0006439   0.03889       161       640    0.8521     0.723    0.7615     0.455   0.08642    0.1242   0.01607
     79/99      4.5G   0.02224   0.01614   0.00063     0.039       151       640    0.8447    0.7297    0.7635    0.4571   0.08633    0.1249   0.01608
     80/99      4.5G    0.0223   0.01616 0.0006596   0.03912       201       640    0.8418    0.7311    0.7624    0.4574   0.08622    0.1253   0.01611
     81/99      4.5G    0.0222   0.01612 0.0006497   0.03897       100       640    0.8432    0.7311    0.7634    0.4572   0.08617    0.1258   0.01615
     82/99      4.5G   0.02213   0.01612 0.0006201   0.03888       203       640     0.842    0.7306    0.7628    0.4562   0.08603    0.1261   0.01616
     83/99      4.5G   0.02206   0.01625 0.0006265   0.03893       136       640    0.8392    0.7312    0.7629    0.4563   0.08592    0.1264    0.0162
     84/99      4.5G   0.02205   0.01598 0.0006075   0.03864       137       640    0.8392    0.7285    0.7622    0.4559   0.08588    0.1264   0.01622
     85/99      4.5G   0.02198   0.01604 0.0006074   0.03863       119       640    0.8456    0.7248    0.7619    0.4557   0.08589    0.1267   0.01624
     86/99      4.5G   0.02197   0.01618 0.0006014   0.03875       118       640    0.8336    0.7347     0.762    0.4562    0.0859    0.1268   0.01626
     87/99      4.5G   0.02203   0.01621 0.0006119   0.03885       208       640    0.8279    0.7383    0.7616    0.4565   0.08586    0.1271   0.01628
     88/99      4.5G   0.02197   0.01609 0.0006238   0.03868       167       640    0.8549    0.7214     0.763    0.4569   0.08577    0.1276   0.01631
     89/99      4.5G   0.02198   0.01599 0.0005996   0.03857       116       640    0.8659    0.7153    0.7636    0.4576   0.08565    0.1279    0.0163
     90/99      4.5G   0.02201   0.01613 0.0006114   0.03875       158       640    0.8579    0.7198    0.7636    0.4576   0.08564    0.1279   0.01631
     91/99      4.5G   0.02189   0.01621 0.0005869   0.03869        59       640    0.8614    0.7191    0.7634    0.4572   0.08562    0.1282   0.01633
     92/99      4.5G   0.02189   0.01616 0.0005819   0.03863       168       640    0.8607    0.7196    0.7636    0.4576   0.08559    0.1286   0.01637
     93/99      4.5G    0.0218   0.01605 0.0005853   0.03843       278       640    0.8633    0.7169    0.7627    0.4574   0.08553    0.1289   0.01637
     94/99      4.5G   0.02183   0.01586 0.0005775   0.03827       166       640    0.8331    0.7388    0.7628    0.4572   0.08549    0.1291   0.01638
     95/99      4.5G   0.02189   0.01614  0.000587   0.03862       177       640    0.8315    0.7394    0.7629    0.4575   0.08546    0.1293   0.01639
     96/99      4.5G   0.02183   0.01587  0.000596    0.0383       152       640    0.8309    0.7388    0.7634    0.4578   0.08544    0.1295   0.01641
     97/99      4.5G   0.02187   0.01603 0.0006112   0.03851       177       640    0.8315     0.739     0.764    0.4582   0.08541    0.1295   0.01641
     98/99      4.5G   0.02194   0.01625 0.0006167   0.03881       207       640    0.8302     0.741     0.764    0.4579    0.0854    0.1297   0.01643
     99/99      4.5G   0.02181   0.01617 0.0005785   0.03856        99       640    0.8361    0.7365    0.7636    0.4586   0.08535    0.1299   0.01644
