      0/99     7.75G   0.06175   0.01712   0.01741   0.09628       788       640    0.6626    0.3216    0.3115    0.1347    0.1141    0.0523   0.01895
      1/99     7.22G   0.04617   0.01683  0.005916   0.06892       632       640    0.8254    0.3646    0.4191    0.2163    0.1135   0.05401   0.01819
      2/99     7.22G   0.04031   0.01645  0.003645   0.06041       529       640    0.8621    0.4227    0.4785    0.2621    0.1077   0.06084   0.01622
      3/99     7.22G    0.0362   0.01649  0.002871   0.05556       553       640    0.8871    0.4584    0.5304    0.2907    0.1047   0.06468   0.01634
      4/99     7.22G   0.03439   0.01652  0.002403   0.05331       673       640    0.7495     0.518    0.5593    0.3077    0.1011   0.07102   0.01572
      5/99     7.22G   0.03331   0.01669  0.002042   0.05204       647       640    0.7341    0.5428    0.5796     0.321   0.09729   0.07843   0.01601
      6/99     7.22G   0.03252   0.01709  0.001801   0.05141       604       640    0.7809    0.5628    0.5992    0.3348   0.09565   0.07994   0.01554
      7/99     7.22G   0.03131    0.0172  0.001657   0.05016       709       640    0.7585    0.5698    0.5998     0.337   0.09538   0.08277   0.01553
      8/99     7.22G   0.03044   0.01694  0.001577   0.04896       538       640    0.7902    0.5654    0.6107     0.344   0.09447   0.08414   0.01583
      9/99     7.22G   0.02959   0.01687  0.001512   0.04796       552       640    0.7786    0.5792    0.6188    0.3465    0.0944   0.08753   0.01537
     10/99     7.22G   0.02897   0.01714  0.001466   0.04758       668       640    0.7905    0.5931    0.6277    0.3565   0.09326   0.09094   0.01624
     11/99     7.22G   0.02854   0.01697  0.001399   0.04691       595       640    0.7899    0.5885    0.6232    0.3535   0.09349   0.09065    0.0156
     12/99     7.22G   0.02801   0.01696  0.001343   0.04631       683       640    0.7936    0.6066    0.6364    0.3634    0.0933   0.08917   0.01522
     13/99     7.22G   0.02777   0.01681  0.001339   0.04592       593       640    0.8077    0.6032    0.6405    0.3653   0.09241   0.09267   0.01495
     14/99     7.22G   0.02754   0.01682  0.001296   0.04566       702       640    0.7943    0.6203    0.6485    0.3743   0.09275   0.09309   0.01546
     15/99     7.22G   0.02727   0.01673   0.00127   0.04527       584       640    0.7872    0.6228    0.6479    0.3763   0.09225    0.0936   0.01566
     16/99     7.22G   0.02715   0.01663  0.001213   0.04499       597       640    0.7908    0.6233     0.652    0.3762    0.0923   0.09588   0.01508
     17/99     7.22G   0.02687   0.01657  0.001221   0.04467       716       640    0.8101    0.6239    0.6583    0.3813   0.09191   0.09647   0.01499
     18/99     7.22G   0.02669   0.01657  0.001175   0.04443       717       640    0.8203    0.6181    0.6603    0.3813   0.09198   0.09543   0.01538
     19/99     7.22G   0.02648   0.01654  0.001179   0.04419       687       640    0.8028    0.6321    0.6612    0.3829   0.09158   0.09781   0.01505
     20/99     7.22G   0.02645   0.01649  0.001139   0.04408       663       640    0.7983    0.6426    0.6666    0.3893   0.09109   0.09764   0.01511
     21/99     7.22G   0.02625   0.01665  0.001105   0.04401       737       640    0.8011    0.6329    0.6603    0.3854   0.09148   0.09828   0.01527
     22/99     7.22G   0.02618   0.01649  0.001112   0.04378       567       640    0.7899    0.6437     0.665     0.386   0.09162   0.09859   0.01506
     23/99     7.22G   0.02615    0.0165  0.001109   0.04376       634       640    0.8057     0.641    0.6716    0.3893   0.09103    0.1009   0.01482
     24/99     7.22G   0.02596   0.01647  0.001069   0.04349       668       640    0.7974    0.6473    0.6727     0.393   0.09105    0.1009   0.01487
     25/99     7.22G    0.0259   0.01653   0.00108   0.04351       491       640    0.8187    0.6369    0.6741    0.3943   0.09091    0.1003   0.01501
     26/99     7.22G    0.0257   0.01643  0.001058   0.04318       490       640    0.8237    0.6383    0.6732    0.3961   0.09055    0.1012   0.01506
     27/99     7.22G   0.02562   0.01652  0.001041   0.04319       537       640    0.7983    0.6543    0.6775    0.3977   0.09075    0.1015   0.01511
     28/99     7.22G   0.02561   0.01639  0.001064   0.04307       625       640    0.8072    0.6532    0.6785    0.3979   0.09083    0.1013   0.01505
     29/99     7.22G   0.02557   0.01643  0.001014   0.04301       651       640     0.836    0.6379    0.6777    0.3983   0.09067    0.1022   0.01483
     30/99     7.22G   0.02548    0.0164  0.001009   0.04289       620       640    0.8139    0.6483    0.6795    0.3983   0.09083    0.1018   0.01482
     31/99     7.22G    0.0254   0.01628  0.001002   0.04268       768       640     0.807    0.6556    0.6799    0.3991   0.09057    0.1028    0.0148
     32/99     7.22G   0.02527   0.01641 0.0009672   0.04265       611       640    0.8067    0.6593    0.6822    0.4006   0.09043    0.1032   0.01484
     33/99     7.22G   0.02526   0.01633 0.0009627   0.04255       714       640    0.8151    0.6586    0.6848    0.4015   0.09044    0.1041   0.01496
     34/99     7.22G   0.02521   0.01628 0.0009417   0.04244       749       640     0.814     0.659    0.6846     0.402   0.09022    0.1044   0.01494
     35/99     7.22G   0.02504   0.01628 0.0009289   0.04225       540       640    0.8127    0.6601    0.6858    0.4037   0.09003    0.1053   0.01488
     36/99     7.22G   0.02492   0.01626  0.000911    0.0421       691       640    0.8062    0.6643    0.6877    0.4053   0.09002    0.1051   0.01492
     37/99     7.22G   0.02496   0.01631  0.000931    0.0422       596       640    0.8212    0.6599    0.6898    0.4053   0.08992    0.1051   0.01491
     38/99     7.22G   0.02475   0.01612 0.0009377   0.04181       594       640    0.8159    0.6635      0.69    0.4055   0.09008    0.1053   0.01488
     39/99     7.22G   0.02478   0.01624 0.0009006   0.04192       645       640    0.8139    0.6677    0.6908    0.4066   0.09001    0.1057   0.01494
     40/99     7.22G    0.0247   0.01626 0.0008994   0.04187       644       640    0.8102    0.6711      0.69     0.407   0.08999    0.1061   0.01497
     41/99     7.22G   0.02467   0.01609 0.0008874   0.04165       626       640    0.8143     0.671    0.6926     0.408   0.08995    0.1065   0.01491
     42/99     7.22G   0.02454   0.01608 0.0008653   0.04148       586       640    0.8138    0.6714     0.694    0.4086   0.08987    0.1069   0.01493
     43/99     7.22G   0.02452   0.01607 0.0008756   0.04147       683       640    0.8164    0.6681    0.6929    0.4086   0.08975    0.1073   0.01489
     44/99     7.22G   0.02448   0.01617 0.0008653   0.04151       556       640    0.8157    0.6683    0.6938    0.4098   0.08962    0.1079   0.01487
     45/99     7.22G   0.02439   0.01629 0.0008561   0.04153       694       640    0.8153    0.6697     0.694    0.4099   0.08956    0.1082   0.01486
     46/99     7.22G   0.02431    0.0161 0.0008675   0.04128       481       640    0.8127    0.6706    0.6928    0.4097   0.08951    0.1086   0.01487
     47/99     7.22G   0.02427   0.01606 0.0008386   0.04117       714       640    0.8156    0.6688    0.6946    0.4101   0.08953    0.1087   0.01487
     48/99     7.22G   0.02419    0.0161  0.000832   0.04112       756       640     0.812    0.6724    0.6949    0.4104    0.0895     0.109   0.01488
     49/99     7.22G   0.02416   0.01609 0.0008461    0.0411       607       640    0.8158    0.6717    0.6956    0.4108   0.08942    0.1094   0.01488
     50/99     7.22G    0.0241   0.01601 0.0008371   0.04095       652       640    0.8128    0.6753    0.6967    0.4114   0.08937    0.1098   0.01487
     51/99     7.22G   0.02399   0.01583 0.0008274   0.04065       525       640    0.8131    0.6751    0.6969    0.4122   0.08931    0.1101   0.01488
     52/99     7.22G   0.02403   0.01606 0.0007887   0.04088       675       640    0.8157    0.6736    0.6966    0.4126   0.08931    0.1104   0.01489
     53/99     7.22G   0.02399   0.01617 0.0008315   0.04099       627       640    0.8095    0.6779    0.6975    0.4136    0.0893    0.1107    0.0149
     54/99     7.22G   0.02386   0.01601 0.0007925   0.04066       642       640    0.8113    0.6788    0.6984    0.4141    0.0893    0.1109    0.0149
     55/99     7.22G   0.02383   0.01607 0.0007772   0.04068       627       640    0.8114    0.6791    0.6982    0.4143   0.08934    0.1111    0.0149
     56/99     7.22G    0.0238   0.01611 0.0007893    0.0407       673       640    0.8148    0.6781    0.6992    0.4146   0.08934    0.1114    0.0149
     57/99     7.22G   0.02379   0.01601  0.000784   0.04059       704       640    0.8176    0.6768    0.6997     0.415   0.08931    0.1117    0.0149
     58/99     7.22G   0.02373   0.01597 0.0007861   0.04049       763       640    0.8118    0.6802    0.6998    0.4148   0.08926     0.112    0.0149
     59/99     7.22G   0.02369   0.01589 0.0007685   0.04035       583       640    0.8111    0.6809    0.7003     0.415   0.08923    0.1123    0.0149
     60/99     7.22G   0.02366   0.01608  0.000751   0.04049       765       640    0.8156    0.6775    0.7002    0.4151   0.08919    0.1127    0.0149
     61/99     7.22G    0.0236   0.01606 0.0007724   0.04044       702       640    0.8181    0.6771     0.701    0.4158   0.08915     0.113    0.0149
     62/99     7.22G   0.02356   0.01613 0.0007432   0.04044       420       640    0.8193    0.6763    0.7014     0.416   0.08914    0.1132    0.0149
     63/99     7.22G   0.02351   0.01614 0.0007543    0.0404       792       640    0.8184    0.6766    0.7011    0.4161    0.0891    0.1135   0.01489
     64/99     7.22G   0.02344   0.01594 0.0007479   0.04012       603       640    0.8139    0.6798    0.7012    0.4164   0.08904    0.1138   0.01488
     65/99     7.22G   0.02339   0.01598 0.0007344   0.04011       638       640    0.8117    0.6807    0.7013    0.4168     0.089    0.1142   0.01488
     66/99     7.22G   0.02334   0.01591 0.0007244   0.03998       618       640    0.8124    0.6804    0.7013    0.4169   0.08896    0.1144   0.01487
     67/99     7.22G   0.02328   0.01609 0.0007336   0.04011       566       640    0.8156    0.6789    0.7013    0.4169   0.08893    0.1147   0.01486
     68/99     7.22G   0.02323   0.01605 0.0007404   0.04002       438       640     0.814    0.6799    0.7018    0.4172   0.08893    0.1149   0.01486
     69/99     7.22G   0.02317   0.01586 0.0007148   0.03975       599       640    0.8182    0.6777    0.7024    0.4175   0.08894    0.1151   0.01485
     70/99     7.22G   0.02314   0.01583 0.0007083   0.03968       620       640    0.8232    0.6743    0.7018    0.4174   0.08894    0.1153   0.01484
     71/99     7.22G   0.02315   0.01575 0.0007102   0.03961       562       640    0.8235    0.6733    0.7016    0.4172   0.08897    0.1154   0.01484
     72/99     7.22G   0.02313   0.01592  0.000701   0.03975       628       640    0.8255     0.673    0.7022    0.4173     0.089    0.1156   0.01483
     73/99     7.22G   0.02303   0.01591 0.0006898   0.03962       704       640    0.8152    0.6795    0.7026    0.4177   0.08903    0.1157   0.01483
     74/99     7.22G   0.02301   0.01581 0.0007093   0.03953       572       640    0.8187     0.678    0.7027    0.4177   0.08907    0.1158   0.01482
     75/99     7.22G   0.02293   0.01585 0.0006764   0.03945       536       640    0.8175    0.6799    0.7034    0.4181   0.08908    0.1161   0.01482
     76/99     7.22G   0.02292   0.01571 0.0006775   0.03931       593       640    0.8172    0.6805    0.7032    0.4181   0.08907    0.1163   0.01481
     77/99     7.22G   0.02288   0.01579 0.0006798   0.03935       666       640    0.8199    0.6791    0.7036    0.4184   0.08906    0.1165    0.0148
     78/99     7.22G   0.02282   0.01585 0.0006704   0.03934       522       640    0.8149    0.6834    0.7047    0.4183   0.08905    0.1168    0.0148
     79/99     7.22G   0.02277   0.01565 0.0006585   0.03908       506       640    0.8163    0.6829    0.7049    0.4185   0.08904     0.117   0.01479
     80/99     7.22G   0.02272   0.01574 0.0006555   0.03911       760       640    0.8228    0.6801    0.7055    0.4189   0.08903    0.1172   0.01479
     81/99     7.22G   0.02271   0.01579 0.0006432   0.03915       510       640    0.8238    0.6802     0.706    0.4186   0.08901    0.1175   0.01478
     82/99     7.22G   0.02268   0.01574 0.0006537   0.03908       699       640    0.8204    0.6819    0.7061    0.4188   0.08897    0.1178   0.01478
     83/99     7.22G   0.02263   0.01569 0.0006371   0.03896       590       640    0.8211    0.6807    0.7061    0.4185   0.08894     0.118   0.01477
     84/99     7.22G   0.02255   0.01583 0.0006457   0.03903       558       640    0.8207    0.6811    0.7063    0.4186    0.0889    0.1183   0.01477
     85/99     7.22G   0.02248   0.01583 0.0006415   0.03895       608       640    0.8212    0.6811    0.7065    0.4189   0.08887    0.1186   0.01477
     86/99     7.22G   0.02255   0.01578 0.0006334   0.03897       699       640    0.8218    0.6809    0.7066     0.419   0.08883    0.1189   0.01476
     87/99     7.22G   0.02248   0.01572 0.0006277   0.03883       765       640    0.8224     0.681    0.7069    0.4191    0.0888    0.1191   0.01476
     88/99     7.22G   0.02244   0.01567 0.0006321   0.03874       603       640    0.8212    0.6819    0.7075     0.419   0.08875    0.1195   0.01477
     89/99     7.22G   0.02242   0.01569 0.0006218   0.03873       499       640    0.8223    0.6804    0.7075    0.4189   0.08869    0.1198   0.01477
     90/99     7.22G   0.02242    0.0157 0.0006093   0.03873       619       640    0.8223    0.6809    0.7074    0.4187   0.08865      0.12   0.01477
     91/99     7.22G   0.02236   0.01556  0.000604   0.03853       563       640    0.8232    0.6809    0.7077     0.419   0.08859    0.1203   0.01476
     92/99     7.22G   0.02236   0.01572 0.0006027   0.03869       553       640    0.8228    0.6807    0.7074    0.4192   0.08854    0.1206   0.01476
     93/99     7.22G   0.02233   0.01552  0.000613   0.03846       561       640    0.8226     0.681    0.7077    0.4195   0.08849     0.121   0.01476
     94/99     7.22G   0.02233   0.01561 0.0006036   0.03855       626       640    0.8061     0.691    0.7083    0.4198   0.08843    0.1213   0.01476
     95/99     7.22G   0.02229   0.01556 0.0006007   0.03846       717       640    0.8221    0.6817    0.7086    0.4202   0.08836    0.1217   0.01476
     96/99     7.22G   0.02232   0.01569 0.0006021   0.03861       727       640    0.8216    0.6813    0.7087    0.4202   0.08832    0.1219   0.01476
     97/99     7.22G   0.02217   0.01557 0.0005854   0.03833       613       640    0.8145    0.6852    0.7088    0.4204   0.08826    0.1222   0.01476
     98/99     7.22G    0.0222   0.01558 0.0006093    0.0384       783       640    0.8145    0.6854    0.7088    0.4204    0.0882    0.1226   0.01476
     99/99     7.22G   0.02222   0.01573 0.0006067   0.03856       511       640    0.8137    0.6857    0.7087    0.4204   0.08814    0.1229   0.01476
