      0/99     7.42G    0.0222   0.01573 0.0006226   0.03855       788       640    0.8294    0.6753    0.7059    0.4199   0.08904    0.1236   0.01542
      1/99     7.37G   0.02369   0.01591 0.0006649   0.04026       632       640     0.822    0.6687    0.6987    0.4098   0.09149    0.1174   0.01473
      2/99     7.37G   0.02617   0.01644 0.0008534   0.04346       529       640    0.7994    0.6474    0.6737    0.3841   0.09566     0.101   0.01434
      3/99     7.37G   0.02661   0.01669 0.0009952    0.0443       553       640    0.8237    0.6412    0.6746    0.3879   0.09555    0.1025   0.01467
      4/99     7.37G   0.02612   0.01649  0.001035   0.04364       673       640    0.8103    0.6404    0.6693    0.3823   0.09578    0.1029   0.01446
      5/99     7.37G    0.0258   0.01647 0.0009797   0.04325       647       640     0.814    0.6488    0.6817    0.3954   0.09635     0.103   0.01458
      6/99     7.37G   0.02561   0.01651 0.0009455   0.04306       604       640    0.8255    0.6476    0.6867    0.3995   0.09628    0.1024   0.01486
      7/99     7.37G   0.02542   0.01661 0.0009674     0.043       709       640    0.8155    0.6485    0.6802    0.3953   0.09523    0.1023   0.01465
      8/99     7.37G   0.02537   0.01644 0.0009496   0.04276       538       640    0.7836    0.6608    0.6822    0.3996   0.09505     0.103   0.01466
      9/99     7.37G   0.02525   0.01627 0.0009485   0.04247       552       640    0.8103    0.6507    0.6857     0.398   0.09395    0.1008   0.01495
     10/99     7.37G   0.02523   0.01659  0.000931   0.04276       668       640    0.8141    0.6612    0.6888     0.401   0.09409    0.1058   0.01494
     11/99     7.37G   0.02513   0.01642  0.000929   0.04247       595       640    0.8152    0.6606    0.6899    0.4014    0.0925    0.1086   0.01488
     12/99     7.37G   0.02507    0.0165 0.0009425   0.04252       683       640    0.8062    0.6616    0.6876    0.4034   0.09247    0.1086   0.01455
     13/99     7.37G   0.02499   0.01634   0.00093   0.04226       593       640    0.8269    0.6537     0.687    0.4002    0.0926    0.1089   0.01478
     14/99     7.37G   0.02501   0.01638 0.0009092    0.0423       702       640    0.8264    0.6563    0.6865    0.4027   0.09264    0.1092   0.01472
     15/99     7.37G   0.02481   0.01633 0.0008809   0.04203       584       640    0.8045    0.6744    0.6957    0.4085   0.09128    0.1088   0.01463
     16/99     7.37G   0.02488   0.01627 0.0008981   0.04204       597       640     0.823    0.6533    0.6876    0.4049   0.09307    0.1089   0.01455
     17/99     7.37G   0.02471   0.01622 0.0009093   0.04183       716       640    0.8211     0.663    0.6942    0.4072   0.09253    0.1098   0.01452
     18/99     7.37G   0.02465   0.01629 0.0008713   0.04181       717       640    0.8176    0.6681    0.6938    0.4074   0.09124    0.1103   0.01444
     19/99     7.37G   0.02459   0.01629 0.0009007   0.04178       687       640    0.8237    0.6675    0.6984    0.4121   0.09282    0.1089   0.01451
     20/99     7.37G   0.02465   0.01621 0.0008686   0.04173       663       640     0.833    0.6615    0.6964    0.4097   0.09173    0.1111   0.01463
     21/99     7.37G   0.02453   0.01639  0.000859   0.04178       737       640    0.8183     0.665    0.6944      0.41   0.09124    0.1105   0.01472
     22/99     7.37G   0.02446   0.01615 0.0008752   0.04149       567       640    0.8173    0.6748    0.6971    0.4094   0.09154    0.1101   0.01442
     23/99     7.37G    0.0245   0.01625 0.0008561   0.04161       634       640    0.8251    0.6692    0.6991    0.4118    0.0916    0.1117   0.01435
     24/99     7.37G   0.02438   0.01621 0.0008166    0.0414       668       640    0.8296    0.6686    0.7023    0.4143   0.09153     0.111   0.01436
     25/99     7.37G   0.02439   0.01629 0.0008573   0.04154       491       640    0.8213    0.6754    0.7028    0.4142    0.0914    0.1115   0.01443
     26/99     7.37G   0.02429   0.01622 0.0008507   0.04137       490       640    0.8252    0.6721    0.7001     0.412   0.09123    0.1115   0.01456
     27/99     7.37G   0.02427   0.01632  0.000824   0.04142       537       640     0.816    0.6804    0.7035    0.4161   0.09136    0.1119   0.01453
     28/99     7.37G    0.0243   0.01621 0.0008417   0.04136       625       640     0.831     0.671    0.7051    0.4165   0.09097    0.1133   0.01447
     29/99     7.37G   0.02425   0.01626 0.0008216   0.04133       651       640    0.8311    0.6744    0.7044     0.417     0.091    0.1118    0.0145
     30/99     7.37G   0.02422   0.01619 0.0008194   0.04122       620       640    0.8087    0.6841    0.7033    0.4164   0.09098    0.1118   0.01445
     31/99     7.37G   0.02418   0.01616 0.0008158   0.04115       768       640    0.8214    0.6797    0.7053    0.4167   0.09054    0.1133   0.01448
     32/99     7.37G   0.02407   0.01629 0.0008005   0.04116       611       640    0.8231    0.6801    0.7067    0.4174   0.09022    0.1157   0.01444
     33/99     7.37G   0.02404   0.01623 0.0008145   0.04108       714       640    0.8367    0.6729    0.7081    0.4189   0.08999    0.1151   0.01447
     34/99     7.37G    0.0241   0.01627 0.0007942   0.04116       749       640    0.8265    0.6781    0.7075    0.4183   0.08993     0.115   0.01447
     35/99     7.37G   0.02403   0.01622 0.0007973   0.04105       540       640    0.8304     0.677    0.7064    0.4174   0.08982     0.116   0.01443
     36/99     7.37G   0.02387   0.01619 0.0007814   0.04085       691       640    0.8202    0.6801    0.7067    0.4188   0.08989    0.1163   0.01448
     37/99     7.37G   0.02384   0.01624 0.0007882   0.04087       596       640    0.8295    0.6789    0.7089    0.4202   0.08986     0.116   0.01445
     38/99     7.37G    0.0238   0.01608 0.0007811   0.04066       594       640    0.8289    0.6808    0.7106    0.4203   0.08983    0.1162   0.01449
     39/99     7.37G   0.02377   0.01617 0.0007668   0.04071       645       640    0.8255    0.6813    0.7095    0.4208   0.08997    0.1158   0.01453
     40/99     7.37G   0.02367   0.01627 0.0007597   0.04069       644       640    0.8171     0.689    0.7103     0.421   0.08978    0.1165   0.01456
     41/99     7.37G    0.0237    0.0161 0.0007494   0.04055       626       640    0.8289    0.6846     0.713    0.4215    0.0895    0.1173   0.01451
     42/99     7.37G   0.02361   0.01605 0.0007402    0.0404       586       640    0.8283    0.6849    0.7137    0.4221   0.08942    0.1179   0.01454
     43/99     7.37G    0.0236   0.01608 0.0007593   0.04043       683       640    0.8351    0.6805    0.7132    0.4223   0.08931    0.1184   0.01455
     44/99     7.37G   0.02359    0.0162 0.0007576   0.04055       556       640     0.824    0.6866     0.714    0.4226   0.08914    0.1194   0.01451
     45/99     7.37G   0.02354   0.01634  0.000742   0.04062       694       640    0.8226    0.6861    0.7132    0.4226   0.08899    0.1199   0.01451
     46/99     7.37G   0.02347   0.01611 0.0007404   0.04032       481       640    0.8376    0.6789    0.7141    0.4227   0.08885    0.1204   0.01451
     47/99     7.37G   0.02345   0.01608 0.0007232   0.04026       714       640    0.8277    0.6841    0.7135    0.4232   0.08881    0.1206    0.0145
     48/99     7.37G   0.02335   0.01608  0.000717   0.04015       756       640    0.8206    0.6892    0.7138     0.423    0.0888    0.1205   0.01452
     49/99     7.37G    0.0234   0.01614 0.0007266   0.04026       607       640    0.8164    0.6921    0.7149    0.4232   0.08871    0.1208   0.01451
     50/99     7.37G   0.02331   0.01602 0.0007283   0.04005       652       640    0.8244    0.6881    0.7157    0.4233   0.08868    0.1211   0.01452
     51/99     7.37G   0.02322   0.01584 0.0007162   0.03977       525       640    0.8205    0.6908    0.7148    0.4229   0.08869    0.1211   0.01453
     52/99     7.37G   0.02322   0.01606 0.0007017   0.03998       675       640    0.8347    0.6821    0.7151    0.4238   0.08864    0.1213   0.01454
     53/99     7.37G    0.0232   0.01618 0.0007125    0.0401       627       640    0.8409    0.6784     0.715    0.4241   0.08857    0.1215   0.01454
     54/99     7.37G   0.02311   0.01602 0.0006877   0.03981       642       640    0.8164    0.6927    0.7151    0.4241   0.08849    0.1218   0.01454
     55/99     7.37G   0.02306   0.01599 0.0006846   0.03974       627       640    0.8246    0.6876    0.7154    0.4241   0.08841    0.1221   0.01454
     56/99     7.37G   0.02301   0.01599 0.0006901   0.03969       673       640    0.8381    0.6793    0.7151    0.4243   0.08836    0.1223   0.01455
     57/99     7.37G   0.02298   0.01588 0.0006864   0.03955       704       640    0.8232    0.6881    0.7146    0.4244    0.0883    0.1226   0.01454
     58/99     7.37G   0.02289   0.01583 0.0006819    0.0394       763       640    0.8328    0.6831    0.7145    0.4243   0.08826    0.1228   0.01455
     59/99     7.37G   0.02289   0.01579  0.000661   0.03933       583       640    0.8222    0.6889    0.7149    0.4244    0.0882    0.1231   0.01456
     60/99     7.37G   0.02283   0.01598 0.0006466   0.03946       765       640     0.834    0.6821    0.7147    0.4245   0.08816    0.1232   0.01457
     61/99     7.37G   0.02283   0.01599 0.0006709   0.03949       702       640    0.8268    0.6865    0.7149    0.4248    0.0881    0.1233   0.01458
     62/99     7.37G   0.02272   0.01601  0.000638   0.03936       420       640    0.8274    0.6861    0.7147    0.4248   0.08805    0.1236   0.01459
     63/99     7.37G    0.0227   0.01598 0.0006511   0.03933       792       640    0.8288    0.6862    0.7152    0.4249   0.08802    0.1238    0.0146
     64/99     7.37G   0.02259   0.01577 0.0006414   0.03901       603       640    0.8297    0.6856    0.7148    0.4251   0.08799     0.124    0.0146
     65/99     7.37G   0.02264   0.01589 0.0006288   0.03917       638       640    0.8305    0.6858     0.715    0.4252   0.08795    0.1242    0.0146
     66/99     7.37G    0.0226    0.0158 0.0006374   0.03904       618       640    0.8294    0.6861    0.7152    0.4254    0.0879    0.1244   0.01461
     67/99     7.37G   0.02251   0.01597 0.0006283    0.0391       566       640    0.8261    0.6886    0.7154    0.4252   0.08785    0.1246   0.01461
     68/99     7.37G   0.02245    0.0159 0.0006343   0.03898       438       640    0.8285    0.6872    0.7158    0.4253   0.08782    0.1248   0.01462
     69/99     7.37G   0.02239   0.01575 0.0006236   0.03876       599       640    0.8293    0.6871    0.7158    0.4253   0.08778     0.125   0.01463
     70/99     7.37G   0.02245   0.01571 0.0006064   0.03876       620       640    0.8298    0.6868    0.7157    0.4254   0.08774    0.1252   0.01464
     71/99     7.37G   0.02234   0.01558 0.0006096   0.03852       562       640    0.8269    0.6887    0.7161    0.4257    0.0877    0.1254   0.01464
     72/99     7.37G   0.02237   0.01575 0.0006053   0.03872       628       640    0.8263     0.689    0.7159    0.4259   0.08768    0.1255   0.01465
     73/99     7.37G   0.02221   0.01575 0.0005944   0.03855       704       640    0.8276    0.6885    0.7166     0.426   0.08763    0.1258   0.01465
     74/99     7.37G   0.02222   0.01562 0.0006002   0.03844       572       640    0.8283    0.6885    0.7169    0.4264   0.08759     0.126   0.01465
     75/99     7.37G   0.02214   0.01567 0.0005811   0.03839       536       640    0.8191    0.6943    0.7169    0.4265   0.08756    0.1262   0.01465
     76/99     7.37G   0.02213   0.01555 0.0005884   0.03828       593       640    0.8213    0.6946    0.7173    0.4264   0.08753    0.1264   0.01466
     77/99     7.37G   0.02211   0.01565 0.0005834   0.03834       666       640    0.8216    0.6947    0.7171    0.4266   0.08747    0.1267   0.01466
     78/99     7.37G   0.02206   0.01573  0.000568   0.03836       522       640    0.8198    0.6956    0.7173     0.427   0.08741    0.1269   0.01467
     79/99     7.37G   0.02195   0.01549 0.0005662   0.03801       506       640     0.822    0.6944    0.7175    0.4268   0.08735    0.1272   0.01467
     80/99     7.37G   0.02196   0.01565 0.0005659   0.03817       760       640    0.8211    0.6948    0.7173    0.4268   0.08729    0.1275   0.01468
     81/99     7.37G   0.02192   0.01567 0.0005557   0.03815       510       640    0.8215    0.6943    0.7169    0.4269   0.08724    0.1278   0.01468
     82/99     7.37G   0.02187   0.01556 0.0005697     0.038       699       640    0.8204    0.6942     0.717     0.427   0.08719    0.1281   0.01468
     83/99     7.37G    0.0218   0.01548 0.0005557   0.03783       590       640    0.8214    0.6938    0.7174    0.4271   0.08715    0.1284   0.01468
     84/99     7.37G   0.02175   0.01567 0.0005552   0.03797       558       640    0.8202    0.6949    0.7176    0.4274   0.08709    0.1286   0.01469
     85/99     7.37G   0.02169   0.01567 0.0005577   0.03792       608       640    0.8206    0.6957    0.7177    0.4273   0.08704    0.1289   0.01469
     86/99     7.37G   0.02178   0.01566   0.00055   0.03799       699       640    0.8219    0.6954    0.7178    0.4274   0.08698    0.1292    0.0147
     87/99     7.37G   0.02176   0.01563 0.0005488   0.03794       765       640    0.8223    0.6953    0.7182    0.4275   0.08692    0.1296    0.0147
     88/99     7.37G   0.02168   0.01559  0.000546   0.03782       603       640    0.8213    0.6952    0.7181    0.4274   0.08687    0.1298    0.0147
     89/99     7.37G   0.02167   0.01562 0.0005381   0.03782       499       640    0.8215    0.6944    0.7181    0.4274   0.08681      0.13   0.01471
     90/99     7.37G   0.02161   0.01555 0.0005196   0.03769       619       640    0.8293    0.6888    0.7178    0.4276   0.08674    0.1304   0.01471
     91/99     7.37G   0.02158   0.01545 0.0005264   0.03756       563       640    0.8248    0.6917     0.718    0.4276   0.08669    0.1306   0.01471
     92/99     7.37G   0.02158   0.01558 0.0005293   0.03769       553       640    0.8245    0.6918    0.7182    0.4274   0.08664    0.1309   0.01472
     93/99     7.37G   0.02158    0.0154 0.0005337   0.03751       561       640    0.8268    0.6906    0.7179    0.4272   0.08657    0.1312   0.01472
     94/99     7.37G   0.02156   0.01549 0.0005243   0.03757       626       640    0.8382    0.6844    0.7179    0.4274   0.08651    0.1315   0.01472
     95/99     7.37G    0.0215   0.01545 0.0005245   0.03747       717       640    0.8403    0.6835    0.7179    0.4274   0.08645    0.1318   0.01473
     96/99     7.37G   0.02151    0.0156 0.0005276   0.03765       727       640    0.8405     0.684    0.7184    0.4275   0.08639    0.1321   0.01473
     97/99     7.37G   0.02136   0.01547 0.0005142   0.03735       613       640    0.8386    0.6855    0.7187    0.4275   0.08633    0.1324   0.01474
     98/99     7.37G    0.0214   0.01543 0.0005246   0.03736       783       640     0.838    0.6857    0.7186    0.4274   0.08628    0.1327   0.01474
     99/99     7.37G   0.02138   0.01557 0.0005305   0.03749       511       640    0.8376    0.6868    0.7191    0.4276   0.08621    0.1331   0.01475
