      0/99     1.92G   0.02409    0.0162    0.0008    0.0411       108       640    0.8352    0.6936    0.7379    0.4288   0.09133    0.1154   0.01652
      1/99     4.49G   0.02493   0.01611 0.0008072   0.04184       157       640    0.8061    0.6922    0.7193    0.4081   0.09333    0.1085    0.0157
      2/99     4.49G   0.02733   0.01673 0.0009526   0.04501        47       640    0.8313    0.6796    0.7249    0.4258   0.09612    0.1004   0.01501
      3/99     4.49G    0.0282   0.01711  0.001116   0.04642       254       640    0.8096    0.6679    0.7075    0.4052   0.09992   0.09037   0.01575
      4/99     4.49G   0.02773   0.01688  0.001098   0.04571       120       640    0.8102    0.6636     0.704    0.3884   0.09866   0.09026   0.01532
      5/99     4.49G   0.02721     0.017  0.001099    0.0453       140       640    0.7914    0.6897     0.717    0.4051   0.09828   0.09167   0.01564
      6/99      4.5G    0.0271   0.01681  0.001076   0.04499       219       640    0.8219    0.6686    0.7069    0.4069    0.0982   0.09289   0.01527
      7/99      4.5G   0.02679   0.01689  0.001085   0.04476        84       640    0.8096    0.6795    0.7083    0.4033   0.09871      0.09   0.01479
      8/99      4.5G   0.02666   0.01687  0.001102   0.04464       235       640    0.7781    0.6861    0.7083     0.402   0.09651   0.09194   0.01524
      9/99      4.5G   0.02649   0.01668   0.00106   0.04423       161       640    0.8142    0.6838    0.7211    0.4177   0.09783   0.09231   0.01524
     10/99      4.5G   0.02624   0.01669  0.001019   0.04395       141       640    0.7981    0.6847    0.7118    0.4053   0.09607   0.09338   0.01542
     11/99      4.5G   0.02623   0.01682   0.00107   0.04413       112       640     0.823    0.6619    0.7094    0.3985   0.09719   0.08993   0.01502
     12/99      4.5G   0.02631   0.01677  0.001051   0.04412       139       640    0.8156    0.6795    0.7152    0.4136   0.09642   0.09159   0.01527
     13/99      4.5G   0.02619   0.01689  0.001055   0.04414       242       640    0.8212    0.6857    0.7191     0.413   0.09568   0.09391   0.01548
     14/99      4.5G   0.02618   0.01677  0.001048   0.04399       201       640    0.8238    0.6866    0.7248     0.417   0.09523    0.0977    0.0151
     15/99      4.5G   0.02598   0.01669  0.001058   0.04372       166       640    0.7801    0.7065    0.7239    0.4198   0.09508   0.09534   0.01525
     16/99      4.5G   0.02579   0.01666  0.001051    0.0435       143       640    0.8092    0.6764    0.7104       0.4   0.09631   0.09425   0.01526
     17/99      4.5G   0.02581   0.01676  0.001004   0.04357       201       640    0.8145    0.6862    0.7225    0.4208   0.09572   0.09454   0.01481
     18/99      4.5G   0.02573   0.01691  0.001022   0.04367       216       640    0.8001    0.6939    0.7278    0.4165    0.0964   0.09345   0.01523
     19/99      4.5G   0.02579   0.01686  0.001066   0.04371       199       640      0.82    0.6968    0.7307    0.4261   0.09619   0.09349   0.01502
     20/99      4.5G   0.02574   0.01674  0.001032   0.04351       110       640    0.8209    0.6971     0.728    0.4226   0.09558   0.09832   0.01483
     21/99      4.5G   0.02558   0.01678 0.0009871   0.04335        83       640     0.802    0.6961    0.7255    0.4199   0.09524   0.09302   0.01496
     22/99      4.5G   0.02557   0.01684  0.001006   0.04341       136       640    0.8332    0.6844    0.7246    0.4185   0.09533   0.09194   0.01495
     23/99      4.5G   0.02552   0.01678 0.0009767   0.04327        93       640    0.8219     0.691     0.732    0.4274   0.09401   0.09334   0.01541
     24/99      4.5G   0.02536   0.01664 0.0009861   0.04298        85       640      0.82    0.6973    0.7265    0.4154   0.09548   0.09427   0.01499
     25/99      4.5G   0.02547   0.01655 0.0009643   0.04298       206       640    0.8192    0.6967    0.7305    0.4226   0.09475   0.09425    0.0154
     26/99      4.5G   0.02537   0.01664 0.0009846   0.04299       138       640    0.8388    0.6872    0.7359    0.4257   0.09439   0.09763   0.01521
     27/99      4.5G   0.02519    0.0168 0.0009699   0.04296       198       640    0.8301    0.6853    0.7316    0.4227   0.09373   0.09951    0.0152
     28/99      4.5G   0.02516   0.01668 0.0009828   0.04283       104       640    0.8456    0.6842    0.7318    0.4281   0.09381   0.09763   0.01512
     29/99      4.5G   0.02521   0.01657 0.0009409   0.04272       155       640    0.8275    0.6925    0.7359    0.4272     0.094   0.09912   0.01505
     30/99      4.5G   0.02515   0.01664 0.0009882   0.04277       117       640     0.816    0.7028    0.7353    0.4287   0.09385   0.09725   0.01507
     31/99      4.5G   0.02506   0.01679  0.000984   0.04283       134       640    0.8303    0.6889    0.7331    0.4293   0.09402   0.09812   0.01508
     32/99      4.5G     0.025   0.01659 0.0009553   0.04255       164       640    0.8444    0.6839    0.7343    0.4281   0.09395   0.09662    0.0151
     33/99      4.5G   0.02493   0.01678 0.0009353   0.04264       132       640    0.8275     0.707    0.7357    0.4342   0.09331   0.09831   0.01523
     34/99      4.5G   0.02484   0.01644 0.0009617   0.04223       108       640    0.8118    0.7063    0.7364    0.4288   0.09352   0.09732   0.01546
     35/99      4.5G   0.02485   0.01673 0.0009545   0.04254       160       640    0.8192    0.7094    0.7363    0.4299   0.09275    0.1002   0.01532
     36/99      4.5G   0.02494   0.01644 0.0009955   0.04238       177       640    0.8235    0.7137    0.7438    0.4371   0.09211    0.1002   0.01505
     37/99      4.5G   0.02471   0.01643 0.0009109   0.04205       201       640    0.8248    0.7037    0.7382    0.4342   0.09234    0.1004   0.01517
     38/99      4.5G    0.0246   0.01649 0.0008891   0.04199       235       640    0.8135    0.7166    0.7382    0.4328   0.09275    0.1003   0.01514
     39/99      4.5G   0.02453   0.01662 0.0009432   0.04209       210       640     0.822    0.7121     0.744    0.4398   0.09248    0.1006   0.01508
     40/99      4.5G   0.02448   0.01663 0.0008823     0.042       197       640    0.8276    0.7033     0.741    0.4362   0.09252    0.1018   0.01526
     41/99      4.5G   0.02441   0.01681 0.0008919   0.04212       137       640    0.8283      0.71    0.7472    0.4418   0.09168    0.1029   0.01546
     42/99      4.5G   0.02433   0.01659 0.0008629   0.04178       149       640    0.8209    0.7124    0.7456     0.438    0.0919    0.1026   0.01527
     43/99      4.5G    0.0244   0.01641 0.0008679   0.04168        86       640    0.8353    0.7063    0.7462    0.4386   0.09274    0.1026   0.01541
     44/99      4.5G   0.02425   0.01649 0.0008776   0.04162       132       640    0.8357    0.7108    0.7457     0.439   0.09222    0.1032   0.01545
     45/99      4.5G    0.0242   0.01653 0.0008436   0.04157       120       640    0.8468     0.704    0.7511    0.4438   0.09195    0.1022   0.01538
     46/99      4.5G   0.02429   0.01657 0.0008577   0.04171       150       640    0.8427    0.7055     0.748    0.4416   0.09233    0.1026   0.01515
     47/99      4.5G   0.02414   0.01654 0.0008513   0.04153       189       640    0.8161     0.718    0.7478    0.4419   0.09185    0.1039   0.01528
     48/99      4.5G   0.02409   0.01645 0.0008492   0.04139       182       640    0.8378    0.7162    0.7509    0.4444   0.09138    0.1031   0.01531
     49/99      4.5G   0.02412   0.01654 0.0009001   0.04156       148       640    0.8174    0.7222    0.7511    0.4413   0.09099    0.1046   0.01533
     50/99      4.5G   0.02412   0.01644 0.0008474    0.0414       203       640    0.8328    0.7142    0.7514     0.446   0.09053    0.1064   0.01516
     51/99      4.5G   0.02389   0.01656 0.0008183   0.04127       254       640    0.8328    0.7191    0.7506    0.4414   0.09091    0.1068   0.01546
     52/99      4.5G   0.02403   0.01615 0.0008323   0.04101       140       640    0.8183    0.7258    0.7539    0.4447    0.0908    0.1067   0.01534
     53/99      4.5G   0.02394   0.01661 0.0008697   0.04141       168       640    0.8209    0.7228      0.75    0.4427    0.0911    0.1058   0.01542
     54/99      4.5G    0.0238    0.0164 0.0008269   0.04103       128       640    0.8139     0.723    0.7506    0.4425   0.09021    0.1067   0.01532
     55/99      4.5G   0.02386   0.01662 0.0008012   0.04128       190       640    0.8343     0.712    0.7532    0.4472   0.09005    0.1082   0.01542
     56/99      4.5G   0.02379   0.01653 0.0007861    0.0411       117       640    0.8304    0.7216    0.7531    0.4462   0.09024    0.1083   0.01551
     57/99      4.5G   0.02365   0.01642 0.0007936   0.04087       139       640    0.8408    0.7099    0.7517    0.4473    0.0902    0.1089   0.01539
     58/99      4.5G   0.02371   0.01646 0.0008001   0.04097       156       640    0.8276     0.723    0.7525    0.4472   0.08983      0.11   0.01545
     59/99      4.5G   0.02358   0.01636 0.0007951   0.04074        90       640    0.8363    0.7196    0.7546    0.4488   0.09012    0.1085   0.01559
     60/99      4.5G   0.02366   0.01651 0.0007908   0.04096       154       640    0.8342    0.7224    0.7531    0.4475   0.08984    0.1093   0.01558
     61/99      4.5G   0.02358   0.01643 0.0008058   0.04082       249       640    0.8326    0.7214     0.753    0.4479   0.08943    0.1107   0.01548
     62/99      4.5G   0.02336   0.01623 0.0007606   0.04035        74       640    0.8385    0.7197    0.7554    0.4472   0.08969    0.1102   0.01551
     63/99      4.5G   0.02354   0.01648 0.0007999   0.04081        83       640    0.8236    0.7289    0.7534     0.447   0.08902    0.1114   0.01542
     64/99      4.5G   0.02329   0.01625 0.0007506   0.04029       174       640    0.8419    0.7208    0.7547    0.4474   0.08941     0.111   0.01554
     65/99      4.5G   0.02339   0.01629 0.0007495   0.04043       241       640    0.8318     0.729    0.7555    0.4481   0.08941    0.1108   0.01558
     66/99      4.5G    0.0233   0.01624  0.000755    0.0403       138       640    0.8506    0.7115    0.7586    0.4505   0.08919     0.112   0.01561
     67/99      4.5G   0.02347   0.01631 0.0007459   0.04053       192       640    0.8416     0.722    0.7584    0.4508   0.08902    0.1117   0.01576
     68/99      4.5G   0.02325   0.01657  0.000739   0.04056       211       640    0.8368    0.7218    0.7567    0.4519   0.08858    0.1126   0.01578
     69/99      4.5G   0.02327   0.01649 0.0007695   0.04053       167       640    0.8457    0.7178    0.7571    0.4515    0.0884    0.1135   0.01569
     70/99      4.5G   0.02326   0.01638  0.000737   0.04038       193       640    0.8472      0.72    0.7579    0.4514   0.08831    0.1143   0.01582
     71/99      4.5G   0.02324   0.01643 0.0007411   0.04041       160       640    0.8414    0.7225     0.758    0.4504   0.08828    0.1141   0.01583
     72/99      4.5G   0.02308   0.01637 0.0007359   0.04019       250       640    0.8342    0.7265    0.7576    0.4506   0.08809    0.1149   0.01578
     73/99      4.5G   0.02302   0.01627 0.0007262   0.04001       115       640    0.8308    0.7296    0.7579    0.4515   0.08815     0.115   0.01584
     74/99      4.5G   0.02296   0.01636 0.0007269   0.04005       212       640    0.8439    0.7247    0.7598    0.4527   0.08814    0.1153   0.01583
     75/99      4.5G   0.02304   0.01627  0.000699      0.04       135       640    0.8468    0.7217    0.7602     0.453   0.08805    0.1159   0.01585
     76/99      4.5G   0.02293   0.01624 0.0006921   0.03987       133       640    0.8407    0.7228     0.758    0.4523     0.088    0.1161   0.01588
     77/99      4.5G   0.02289   0.01629 0.0007035   0.03989        90       640    0.8375    0.7243    0.7592    0.4522   0.08791    0.1166    0.0159
     78/99      4.5G   0.02285    0.0163 0.0006926   0.03984       161       640    0.8426    0.7209    0.7576    0.4526   0.08784    0.1171   0.01595
     79/99      4.5G   0.02289   0.01634 0.0006968   0.03993       151       640    0.8477     0.719    0.7573    0.4526   0.08791    0.1174   0.01596
     80/99      4.5G   0.02295   0.01633 0.0007221   0.04001       201       640    0.8489    0.7201    0.7572    0.4522    0.0878    0.1175   0.01597
     81/99      4.5G   0.02287   0.01636 0.0007175   0.03995       100       640    0.8303    0.7326    0.7587    0.4534   0.08779    0.1177   0.01598
     82/99      4.5G   0.02274    0.0163 0.0006902   0.03973       203       640    0.8478    0.7214    0.7588    0.4536   0.08774     0.118   0.01598
     83/99      4.5G   0.02273   0.01642 0.0006738   0.03982       136       640    0.8473    0.7226    0.7597    0.4529   0.08756    0.1187     0.016
     84/99      4.5G   0.02269   0.01618 0.0006773   0.03955       137       640    0.8517    0.7206    0.7574    0.4526   0.08743    0.1191   0.01603
     85/99      4.5G   0.02258   0.01624  0.000679    0.0395       119       640    0.8517    0.7192    0.7579    0.4527   0.08733    0.1196   0.01604
     86/99      4.5G   0.02259   0.01636 0.0006625   0.03961       118       640     0.852    0.7183    0.7574    0.4525   0.08727    0.1198   0.01605
     87/99      4.5G   0.02262   0.01636 0.0006596   0.03964       208       640    0.8497    0.7176     0.757     0.452    0.0872    0.1201   0.01606
     88/99      4.5G   0.02259   0.01624 0.0006921   0.03953       167       640    0.8442    0.7204    0.7572    0.4527   0.08713    0.1207   0.01608
     89/99      4.5G    0.0226   0.01613 0.0006663   0.03939       116       640    0.8515    0.7164    0.7574    0.4528   0.08705     0.121   0.01611
     90/99      4.5G   0.02263   0.01625 0.0006708   0.03955       158       640    0.8536    0.7149    0.7578    0.4529   0.08704     0.121   0.01613
     91/99      4.5G   0.02246   0.01638 0.0006463   0.03949        59       640    0.8474    0.7196    0.7576    0.4529   0.08704    0.1211   0.01615
     92/99      4.5G   0.02254   0.01635 0.0006399   0.03952       168       640    0.8491    0.7204    0.7574    0.4522     0.087    0.1211   0.01616
     93/99      4.5G   0.02241   0.01622 0.0006403   0.03926       278       640    0.8462    0.7208     0.758    0.4529   0.08695    0.1212   0.01617
     94/99      4.5G   0.02243   0.01602 0.0006329   0.03908       166       640    0.8445     0.722    0.7582    0.4527   0.08691    0.1214    0.0162
     95/99      4.5G   0.02252   0.01631 0.0006381   0.03947       177       640    0.8417    0.7223    0.7595    0.4536   0.08688    0.1215   0.01622
     96/99      4.5G   0.02246   0.01606 0.0006586   0.03918       152       640     0.846    0.7197    0.7584    0.4531   0.08686    0.1218   0.01623
     97/99      4.5G   0.02248   0.01622 0.0006542   0.03935       177       640    0.8465    0.7189    0.7585    0.4532   0.08684    0.1219   0.01624
     98/99      4.5G    0.0226   0.01649 0.0006805   0.03978       207       640    0.8437    0.7212    0.7587    0.4531   0.08682    0.1221   0.01624
     99/99      4.5G   0.02248   0.01643 0.0006369   0.03955        99       640    0.8463    0.7194     0.759    0.4527   0.08679    0.1222   0.01624
