      0/99     1.77G   0.06822   0.02417   0.02841    0.1208       125       640    0.5901    0.3157    0.2819    0.1184    0.1247   0.06794   0.03379
      1/99     4.56G   0.05102   0.02552  0.009865    0.0864       190       640     0.723    0.3316    0.3639    0.1512    0.1212   0.06793   0.03146
      2/99     4.56G   0.04497   0.02438  0.006318   0.07567       108       640    0.7442    0.4074    0.4549    0.2241    0.1184   0.07055   0.02999
      3/99     4.56G   0.03887   0.02446  0.004871   0.06821       152       640    0.7677    0.4665    0.5211    0.2679    0.1141   0.07895   0.02848
      4/99     4.56G   0.03569   0.02454  0.003992   0.06422       145       640    0.7427    0.5199    0.5614    0.3002    0.1085   0.08492   0.02801
      5/99     4.56G   0.03399   0.02422  0.003303   0.06151       118       640    0.7934    0.5335    0.5951    0.3091    0.1083   0.08731   0.02681
      6/99     4.56G   0.03282   0.02441   0.00294   0.06017       159       640     0.741    0.5644    0.6039    0.3344    0.1065   0.08792   0.02646
      7/99     4.56G   0.03208   0.02445  0.002809   0.05933       132       640     0.783    0.5666    0.6202    0.3308    0.1049   0.09089   0.02641
      8/99     4.56G   0.03156   0.02467  0.002684   0.05891        77       640    0.7515    0.5871    0.6221     0.339    0.1053   0.09378    0.0265
      9/99     4.56G   0.03119   0.02489  0.002529   0.05861        71       640     0.764    0.5956    0.6348    0.3536    0.1031   0.09681   0.02586
     10/99     4.56G    0.0306   0.02433  0.002358   0.05729        94       640     0.778    0.5954    0.6381    0.3521    0.1019    0.1005    0.0255
     11/99     4.56G   0.03054    0.0248  0.002306   0.05765       133       640    0.7739    0.6131      0.65    0.3593    0.1008    0.1016   0.02551
     12/99     4.56G   0.03018     0.025  0.002124    0.0573       152       640    0.7942    0.6036    0.6502    0.3608    0.1001    0.1044   0.02571
     13/99     4.56G   0.02998   0.02487  0.002081   0.05693       188       640     0.812    0.5995    0.6578    0.3684   0.09851    0.1095   0.02565
     14/99     4.56G    0.0297   0.02531  0.002021   0.05703       106       640    0.7781     0.622     0.659    0.3712   0.09813    0.1108   0.02619
     15/99     4.56G   0.02918    0.0255  0.001951   0.05663       130       640    0.7714    0.6347    0.6684    0.3709    0.0975    0.1174   0.02627
     16/99     4.56G    0.0286   0.02575   0.00185    0.0562       176       640    0.7869    0.6291    0.6668     0.371    0.0973    0.1166   0.02622
     17/99     4.56G   0.02829   0.02579  0.001817    0.0559       149       640    0.8151    0.6231    0.6759    0.3817   0.09644    0.1182   0.02568
     18/99     4.56G   0.02793   0.02556  0.001771   0.05526       125       640     0.781    0.6425    0.6807    0.3833   0.09639    0.1206   0.02597
     19/99     4.56G   0.02769   0.02502  0.001734   0.05444        86       640    0.8037    0.6355    0.6751    0.3797   0.09645    0.1203   0.02596
     20/99     4.56G    0.0275   0.02499  0.001762   0.05426       109       640    0.7873    0.6477    0.6869    0.3852   0.09647    0.1203   0.02687
     21/99     4.56G   0.02744   0.02525  0.001687   0.05437        92       640    0.7734    0.6536     0.681    0.3871   0.09547    0.1237   0.02579
     22/99     4.56G   0.02718   0.02534  0.001656   0.05418       129       640    0.8006    0.6599    0.6929    0.3961   0.09547    0.1226   0.02647
     23/99     4.56G   0.02705   0.02533  0.001637   0.05401       123       640    0.8372    0.6415    0.6974    0.3961   0.09517    0.1223   0.02617
     24/99     4.56G   0.02685   0.02525  0.001595   0.05369       191       640    0.8104    0.6664    0.7004    0.4016   0.09507    0.1226   0.02544
     25/99     4.56G   0.02682   0.02523  0.001578   0.05362       150       640    0.8082    0.6591    0.6984    0.3939   0.09525    0.1255    0.0257
     26/99     4.56G    0.0266   0.02536  0.001551   0.05351       154       640    0.8175    0.6612    0.7025    0.4004    0.0949    0.1251   0.02609
     27/99     4.56G   0.02641   0.02508   0.00154   0.05302       142       640    0.8306    0.6508    0.7069    0.3995   0.09492    0.1264   0.02629
     28/99     4.56G   0.02637   0.02509  0.001526   0.05298       159       640     0.816    0.6545     0.701    0.3967   0.09527    0.1277   0.02609
     29/99     4.56G   0.02624   0.02479  0.001448   0.05248       220       640     0.805      0.67    0.7044    0.4082   0.09491     0.128   0.02671
     30/99     4.56G   0.02615   0.02492  0.001519   0.05259       212       640    0.8331    0.6526     0.705    0.4049   0.09457    0.1261   0.02609
     31/99     4.56G   0.02611   0.02514  0.001462   0.05271        93       640    0.8112    0.6793    0.7146     0.412   0.09426    0.1277   0.02625
     32/99     4.56G   0.02585   0.02486  0.001423   0.05213       150       640    0.8111    0.6735    0.7104    0.4098   0.09424    0.1329   0.02617
     33/99     4.56G   0.02591   0.02467  0.001377   0.05196       118       640    0.8034    0.6854    0.7131    0.4089    0.0944    0.1316   0.02625
     34/99     4.56G   0.02583   0.02489  0.001438   0.05216       234       640    0.8188    0.6769    0.7196    0.4156   0.09396    0.1304   0.02698
     35/99     4.56G   0.02568   0.02449  0.001405   0.05157       137       640    0.8185    0.6718    0.7154    0.4111   0.09389    0.1327   0.02661
     36/99     4.56G   0.02556    0.0247  0.001359   0.05162       169       640    0.8222    0.6691    0.7174    0.4132   0.09379    0.1341   0.02649
     37/99     4.56G   0.02535   0.02451  0.001301   0.05116       140       640    0.8328     0.669     0.717    0.4136   0.09357     0.135   0.02663
     38/99     4.56G   0.02524   0.02464  0.001353   0.05123       203       640    0.7995    0.6896    0.7201    0.4148   0.09338    0.1341   0.02631
     39/99     4.56G   0.02516   0.02466  0.001344   0.05116       127       640    0.8192    0.6773    0.7184    0.4112   0.09349     0.134   0.02619
     40/99     4.56G   0.02501   0.02456  0.001306   0.05087       224       640    0.8179    0.6814    0.7198    0.4168   0.09346    0.1348   0.02684
     41/99     4.56G   0.02487   0.02429  0.001285   0.05044       153       640    0.8106    0.6859     0.725    0.4199   0.09301    0.1363   0.02613
     42/99     4.56G   0.02485   0.02458  0.001346   0.05078       196       640    0.8275    0.6832    0.7256    0.4186   0.09328    0.1338   0.02658
     43/99     4.56G   0.02463   0.02454  0.001259   0.05042       136       640      0.82    0.6873    0.7259    0.4206   0.09297    0.1368   0.02634
     44/99     4.56G   0.02465   0.02447  0.001276    0.0504       217       640    0.8178    0.6883    0.7309    0.4256   0.09318    0.1351   0.02658
     45/99     4.56G   0.02457   0.02444  0.001221   0.05023        93       640    0.8154    0.6934    0.7271    0.4215   0.09286    0.1397    0.0269
     46/99     4.56G    0.0245   0.02415  0.001183   0.04983       123       640    0.8091    0.6997    0.7294    0.4237   0.09244    0.1408   0.02668
     47/99     4.56G    0.0244   0.02448   0.00121   0.05009       210       640    0.8153    0.6943    0.7316    0.4277   0.09235     0.141   0.02676
     48/99     4.56G   0.02428   0.02447  0.001222   0.04998       240       640    0.8173       0.7    0.7348    0.4286   0.09218    0.1403   0.02653
     49/99     4.56G   0.02421   0.02418  0.001211    0.0496       255       640    0.8248    0.7013    0.7318    0.4265   0.09239    0.1408   0.02666
     50/99     4.56G   0.02416   0.02444  0.001187   0.04979       167       640    0.8251    0.6981    0.7359    0.4306    0.0923    0.1431   0.02673
     51/99     4.56G   0.02408   0.02439  0.001153   0.04962       149       640    0.8395    0.6878    0.7354    0.4298    0.0925    0.1424   0.02691
     52/99     4.56G   0.02403   0.02436  0.001147   0.04954       125       640    0.8323    0.6949    0.7371    0.4275   0.09279     0.143   0.02701
     53/99     4.56G   0.02401   0.02405   0.00114    0.0492       160       640    0.8381    0.6939    0.7409    0.4315   0.09249    0.1443   0.02688
     54/99     4.56G   0.02394   0.02423  0.001143   0.04931       109       640    0.8295    0.6994    0.7401    0.4325   0.09231    0.1456   0.02691
     55/99     4.56G   0.02382   0.02396  0.001171   0.04895       153       640    0.8108    0.7108    0.7402    0.4315   0.09236    0.1475   0.02707
     56/99     4.56G   0.02386    0.0245  0.001133    0.0495       120       640    0.8319    0.6967      0.74    0.4342   0.09148    0.1482   0.02686
     57/99     4.56G    0.0237   0.02422  0.001096   0.04901       218       640    0.8306     0.703    0.7411    0.4334     0.092    0.1478   0.02693
     58/99     4.56G   0.02372   0.02439   0.00113   0.04924       195       640    0.8281    0.7028    0.7422    0.4358   0.09223     0.148   0.02676
     59/99     4.56G   0.02363   0.02405  0.001111   0.04879       183       640    0.8162    0.7092    0.7428    0.4351   0.09179    0.1497   0.02667
     60/99     4.56G   0.02365   0.02432  0.001067   0.04903       150       640     0.845    0.6888     0.742    0.4345   0.09198    0.1492   0.02708
     61/99     4.56G   0.02355   0.02403  0.001044   0.04863       164       640    0.8225    0.7073    0.7455    0.4371   0.09207    0.1495   0.02694
     62/99     4.56G   0.02354   0.02376  0.001015   0.04831       116       640    0.8151    0.7143    0.7445    0.4367   0.09199    0.1503   0.02702
     63/99     4.56G   0.02344   0.02406  0.001076   0.04858       142       640    0.8399    0.6975    0.7448    0.4375   0.09202    0.1504   0.02684
     64/99     4.56G   0.02345   0.02417  0.001071   0.04869       122       640    0.8348    0.6995    0.7451    0.4371   0.09201    0.1507   0.02691
     65/99     4.56G   0.02332   0.02401  0.001024   0.04835       194       640    0.8312    0.7043    0.7437    0.4378   0.09194    0.1522   0.02697
     66/99     4.56G   0.02332   0.02391  0.001057   0.04829       110       640    0.8234    0.7096    0.7438    0.4385   0.09175    0.1525   0.02701
     67/99     4.56G   0.02327   0.02404  0.001035   0.04834       161       640    0.8094    0.7182     0.745    0.4388   0.09187    0.1529    0.0271
     68/99     4.56G   0.02326   0.02402  0.001006   0.04829       147       640    0.8326    0.7016    0.7455    0.4396   0.09162    0.1536   0.02711
     69/99     4.56G    0.0232   0.02408  0.001003   0.04829       141       640    0.8225    0.7095    0.7454    0.4391   0.09163    0.1536   0.02708
     70/99     4.56G   0.02322   0.02409  0.001012   0.04833       185       640    0.8344    0.7026    0.7468    0.4404   0.09145    0.1547   0.02708
     71/99     4.56G   0.02308   0.02379 0.0009833   0.04785        72       640     0.843    0.7012    0.7468    0.4397   0.09127    0.1548   0.02716
     72/99     4.56G   0.02313   0.02396 0.0009891   0.04808       100       640    0.8442    0.6997    0.7493      0.44   0.09122    0.1557   0.02719
     73/99     4.56G   0.02307   0.02382  0.000967   0.04785       212       640     0.826    0.7154    0.7482    0.4402   0.09109    0.1565   0.02735
     74/99     4.56G   0.02297   0.02373  0.001008    0.0477       124       640    0.8361    0.7013    0.7461      0.44   0.09102    0.1577   0.02735
     75/99     4.56G   0.02296   0.02386 0.0009678   0.04778       172       640    0.8359    0.7046    0.7472      0.44   0.09093    0.1584   0.02732
     76/99     4.56G   0.02288   0.02387 0.0009653   0.04772       125       640    0.8343    0.7042    0.7459    0.4394    0.0909     0.159   0.02734
     77/99     4.56G   0.02282   0.02363 0.0009385   0.04738       138       640    0.8383    0.7014    0.7454    0.4405   0.09077    0.1596   0.02735
     78/99     4.56G   0.02289   0.02408 0.0009487   0.04792       142       640    0.8375    0.7012    0.7453    0.4409    0.0907    0.1596   0.02745
     79/99     4.56G   0.02279   0.02401 0.0009555   0.04776       136       640    0.8419    0.7008    0.7464    0.4409   0.09062    0.1604   0.02752
     80/99     4.56G   0.02272   0.02366 0.0009344   0.04732       117       640    0.8196    0.7161    0.7472    0.4407   0.09059    0.1607   0.02758
     81/99     4.56G   0.02272   0.02383 0.0009382   0.04749       135       640    0.8164    0.7175    0.7468    0.4406   0.09064    0.1607   0.02761
     82/99     4.56G   0.02274   0.02391 0.0009097   0.04756       228       640    0.8507    0.6966    0.7482    0.4409   0.09062    0.1611   0.02765
     83/99     4.56G   0.02262    0.0237 0.0009138   0.04723       144       640    0.8504    0.6986    0.7482    0.4413   0.09062    0.1612   0.02771
     84/99     4.56G   0.02271   0.02354 0.0008902   0.04714       113       640    0.8475    0.7003    0.7476    0.4406    0.0906    0.1614   0.02777
     85/99     4.56G   0.02263    0.0238 0.0009031   0.04734       206       640    0.8523    0.6979    0.7471    0.4406   0.09059    0.1616   0.02778
     86/99     4.56G   0.02265   0.02378 0.0009179   0.04735        81       640    0.8355    0.7084     0.746    0.4403   0.09059    0.1619   0.02781
     87/99     4.56G   0.02263   0.02364 0.0008612   0.04713       185       640    0.8307    0.7118     0.747    0.4403   0.09058     0.162   0.02785
     88/99     4.56G   0.02266   0.02371  0.000881   0.04725       191       640     0.835    0.7079    0.7478    0.4404   0.09058    0.1622   0.02789
     89/99     4.56G   0.02246   0.02368 0.0008768   0.04702       136       640    0.8383    0.7065    0.7477    0.4405   0.09054    0.1625    0.0279
     90/99     4.56G   0.02256   0.02373 0.0008995   0.04719       175       640    0.8348    0.7082    0.7479    0.4408   0.09047    0.1627   0.02791
     91/99     4.56G   0.02253   0.02388 0.0008571   0.04726       144       640    0.8279    0.7128    0.7476    0.4407    0.0904    0.1632   0.02794
     92/99     4.56G   0.02258   0.02361 0.0008867   0.04707       124       640    0.8369    0.7063    0.7472    0.4404   0.09033    0.1635   0.02797
     93/99     4.56G   0.02253   0.02378 0.0008825   0.04719       215       640    0.8361    0.7077    0.7474    0.4403   0.09026    0.1637   0.02801
     94/99     4.56G    0.0225   0.02351 0.0008659   0.04687       156       640    0.8369    0.7066    0.7478    0.4405    0.0902    0.1639   0.02803
     95/99     4.56G   0.02251   0.02367 0.0008901   0.04706       123       640    0.8435    0.7026    0.7474    0.4402   0.09016    0.1641   0.02805
     96/99     4.56G    0.0224   0.02385 0.0008418   0.04709        85       640    0.8442    0.7029     0.748    0.4401   0.09014    0.1642   0.02807
     97/99     4.56G   0.02247   0.02372 0.0008716   0.04706       153       640    0.8357    0.7081    0.7476      0.44   0.09011    0.1644   0.02811
     98/99     4.56G   0.02236   0.02361 0.0008844   0.04686       172       640    0.8353    0.7084    0.7476    0.4399   0.09008    0.1646   0.02813
     99/99     4.56G   0.02258   0.02396 0.0008845   0.04742       186       640    0.8264     0.715    0.7481    0.4395   0.09004    0.1647   0.02816
